Reno/RED
Time	Throughput_tcp	Throughput_cbr
0.0	2.1435546875	0.0
0.5	1.07116699219	0.0
1.0	3.89892578125	0.0
1.5	6.71447753906	0.0
2.0	2.31872558594	13.6473083496
2.5	2.99438476562	14.2849731445
3.0	5.68664550781	14.3266296387
3.5	8.85803222656	14.3041992188
4.0	11.7547607422	14.2977905273
4.5	14.5092773438	14.1952514648
5.0	10.3240966797	14.2625427246
5.5	11.7767333984	14.3074035645
6.0	14.5831298828	14.2144775391
6.5	8.83422851562	13.977355957
7.0	3.29284667969	14.2945861816
7.5	7.26013183594	14.3074035645
8.0	10.0408935547	14.3041992188
8.5	13.0889892578	14.2657470703
9.0	13.4405517578	14.1792297363
Time	Latency
0.0	69.40032
0.5	53.5466666667
1.0	63.138
1.5	62.8717241379
2.0	125.899692308
2.5	63.2105185185
3.0	63.5316923077
3.5	62.9924238411
4.0	63.4601756098
4.5	64.1356535433
5.0	64.0698294574
5.5	63.172937799
6.0	63.4826872587
6.5	67.8164166667
7.0	64.201625
7.5	62.9473170732
8.0	63.7937471264
8.5	63.5546666667
9.0	64.7866138614
------------------------------------------------------------------------
Reno/DropTail
Time	Throughput_tcp	Throughput_cbr
0.0	3.11767578125	0.0
0.5	1.92321777344	0.0
1.0	5.92590332031	0.0
1.5	8.34594726562	0.0
2.0	2.27233886719	13.6376953125
2.5	1.94580078125	14.2849731445
3.0	3.59069824219	14.3074035645
3.5	6.51428222656	14.3074035645
4.0	9.59350585938	14.2977905273
4.5	12.4035644531	14.2785644531
5.0	11.5679931641	14.3074035645
5.5	1.74438476562	14.2465209961
6.0	3.2275390625	14.3041992188
6.5	6.09375	14.3041992188
7.0	9.2333984375	14.3074035645
7.5	11.9366455078	14.2817687988
8.0	14.3115234375	14.2721557617
8.5	1.7626953125	14.3041992188
9.0	2.86926269531	14.2849731445
Time	Latency
0.0	65.3846666667
0.5	63.7013333333
1.0	63.6602469136
1.5	62.7221768707
2.0	121.892
2.5	70.1554285714
3.0	63.178031746
3.5	63.4977454545
4.0	63.0333892216
4.5	63.2141454545
5.0	64.8664539877
5.5	67.3829565217
6.0	63.0155932203
6.5	63.2504380952
7.0	62.89825
7.5	63.8330769231
8.0	64.0866440678
8.5	78.5771428571
9.0	63.1338333333
------------------------------------------------------------------------
Sack/RED
Time	Throughput_tcp	Throughput_cbr
0.0	2.19506835938	0.0
0.5	3.05883789062	0.0
1.0	5.32348632812	0.0
1.5	8.17138671875	0.0
2.0	6.66320800781	13.6088562012
2.5	8.24462890625	14.3041992188
3.0	11.1114501953	14.2625427246
3.5	14.0203857422	14.3138122559
4.0	11.1027832031	14.2208862305
4.5	10.8337402344	14.3074035645
5.0	13.9117431641	14.2721557617
5.5	11.8199462891	14.2112731934
6.0	10.3979492188	14.3138122559
6.5	13.5833740234	14.2945861816
7.0	13.6678466797	14.0702819824
7.5	10.0518798828	14.2977905273
8.0	13.1616210938	14.323425293
8.5	14.3414306641	13.9965820312
9.0	9.931640625	14.300994873
Time	Latency
0.0	69.40496
0.5	66.14
1.0	62.7369081633
1.5	63.0958873239
2.0	67.4968271605
2.5	63.3067972028
3.0	63.7267150259
3.5	63.39152
4.0	65.4382608696
4.5	63.2962150538
5.0	63.0752131148
5.5	65.5451842105
6.0	63.3222295082
6.5	63.0523914894
7.0	65.3071724138
7.5	63.8845082873
8.0	63.4734672489
8.5	65.3687692308
9.0	63.6304090909
------------------------------------------------------------------------
Sack/DropTail
Time	Throughput_tcp	Throughput_cbr
0.0	3.12426757812	0.0
0.5	6.07946777344	0.0
1.0	7.41271972656	0.0
1.5	10.4705810547	0.0
2.0	5.154296875	13.621673584
2.5	5.22888183594	14.2977905273
3.0	8.15307617188	14.2913818359
3.5	10.859375	14.2945861816
4.0	13.9044189453	14.300994873
4.5	9.41772460938	14.2977905273
5.0	11.2249755859	14.2849731445
5.5	14.1314697266	14.268951416
6.0	9.55395507812	14.2977905273
6.5	11.5960693359	14.300994873
7.0	14.58984375	14.2112731934
7.5	9.57104492188	14.2977905273
8.0	11.3024902344	14.2721557617
8.5	14.2725830078	14.2945861816
9.0	8.896484375	14.2977905273
Time	Latency
0.0	65.385875
0.5	65.94662
1.0	62.6733233083
1.5	62.9485714286
2.0	84.4616829268
2.5	63.4866813187
3.0	62.9028493151
3.5	63.9030153846
4.0	63.5639506173
4.5	63.9711238095
5.0	63.4123298969
5.5	63.192576
6.0	63.3145735294
6.5	63.08408
7.0	63.2728125
7.5	63.4123781513
8.0	63.8516650246
8.5	63.7694877049
9.0	63.2439290323