
Tahoe
CBR      Throughput               Latency         Packet Drop Rate
1	26.6236316787		18.4844056483		0.0
2	19.344243712		17.1981062346		0.0736087937972
3	16.9280632425		17.039946988		0.102853723305
4	14.3840253277		16.8133048856		0.145329634034
5	12.3512610498		17.2475645278		0.339962169623
5.5	11.4951924915		17.3586990291		0.390904586247
6	10.0468818914		17.2083828767		0.462875495938
6.5	9.00645171621		17.8940238542		0.734157650696
7	7.81068965334		17.6655248826		0.445668908516
7.5	7.18099400423		18.7319195841		0.823788546256
8	6.54080140002		18.7089298381		0.797795184218
8.5	4.66173687384		22.6835598034		0.987687728318
9	4.19091740274		21.3404628534		1.14013893084
9.3	3.79673525378		21.8610184638		1.16686114352
9.5	3.3026226669		26.837843009		1.2663012663
9.6	1.36751393276		38.0003578947		2.44577757268
9.8	1.5846998863		45.8272449495		3.68525896414
10	0.030930680977		17.5345454545		17.6470588235
------------------------------------------------------------------------
Reno
CBR      Throughput               Latency         Packet Drop Rate
1	26.6236316787		18.4844056483		0.0
2	21.0345186727		17.0677814689		0.0842612097502
3	12.09081061		17.591305231		0.143986596157
4	7.83763452512		18.239603211		0.233814399742
5	10.1991716918		18.323906853		0.316455696203
5.5	5.92163837415		20.8720421827		0.406199893105
6	4.7716155099		20.4042506036		0.444676955271
6.5	4.17179377508		21.0466593989		0.545998504114
7	3.83533676887		21.9962370466		0.619118375433
7.5	4.09519827972		21.8884286582		0.703028430161
8	3.14310071007		24.2036887797		0.781713833366
8.5	3.85194449376		23.0815909091		0.828956007879
9	1.71906474155		33.3010296736		1.48026315789
9.3	2.54770334154		28.2569451728		1.47596974872
9.5	1.30076758367		41.2432816327		2.08933717579
9.6	1.43187732365		45.6820874036		2.3746701847
9.8	1.35802615546		47.892216763		2.85913528591
10	0.030930680977		17.5345454545		17.6470588235
------------------------------------------------------------------------
NewReno
CBR      Throughput               Latency         Packet Drop Rate
1	26.6236316787		18.4844056483		0.0
2	21.0345186727		17.0677814689		0.0842612097502
3	18.5045783416		17.3140479035		0.147119200766
4	16.2444077604		17.1062828784		0.237298685132
5	13.6160712871		17.7157197886		0.360163583976
5.5	12.6711482231		17.5355425492		0.414523298207
6	11.3716550497		17.5986973853		0.5173564753
6.5	9.62218842929		17.8110262536		0.782637290365
7	8.10807895793		19.1868733313		0.920580433765
7.5	6.77944060548		19.1350226828		0.694120935433
8	6.50502376917		19.7639412232		0.942493541288
8.5	5.51257453687		21.4254081831		1.03837471783
9	4.42519262571		23.1248913759		1.18673148413
9.3	3.94024317801		24.4325705521		1.49181905679
9.5	3.7782324966		24.3842541485		1.38865651665
9.6	2.28175739465		33.5871421053		3.1146179402
9.8	1.63247740116		41.089443459		3.3180778032
10	0.030930680977		17.5345454545		17.6470588235
------------------------------------------------------------------------
Vegas
CBR      Throughput               Latency         Packet Drop Rate
1	26.5336561846		15.9877264957		0.0
2	23.6196401341		16.9774543202		0.0
3	20.6871436409		15.9938580143		0.0
4	17.7498356195		17.3145007212		0.0
5	14.801200964		16.00644903		0.0
5.5	13.3298297063		17.7717582659		0.0
6	11.8596839187		17.9945387585		0.00256990131579
6.5	10.3608562962		18.2834414686		0.0147084779667
7	10.3525297724		18.2732315883		0.00883236177354
7.5	9.11284415178		18.222864352		0.0167212895458
8	6.62352942716		18.0236838297		0.018404343425
8.5	6.55073944514		18.0916401685		0.0232601414217
9	4.95623391488		18.4229805753		0.0553505535055
9.3	2.8898129019		25.2511491071		1.62207710133
9.5	2.66833690203		28.9527367841		1.8874246147
9.6	2.99106875756		28.5510976077		1.86202686203
9.8	2.59292697568		27.1053546748		1.828994614
10	0.0184499037006		16.8992		25.0